full=0.002388s
cache=0.041178s
step=0.275749s
