full=0.003819s
cache=0.042323s
