full=0.003607s
cache=0.044640s
